319.073713657 3014 4323
277.549430582 0757 4435
18.7782987837 2047
16.363589442 10548 4323
11.9893514019 10326
11.0153853382 5562
2.25730092435 4099
0.0 3948
0.0 8051
0.0 11097
0 4323
0.0 0490
0.0 2451
0.0 10230
0.0 1870
0.0 9052
0.0 10458
0.0 1769
0.0 11858
0.0 5199
0.0 9106
0.0 1526
0 0757
0.0 8733
0.0 7476
0.0 7200
0.0 3768
0.0 9375
0.0 2405
0.0 8336
0.0 0867
0.0 6175
0 10548
0.0 1045
0.0 1608
0.0 4797
0.0 7561
0.0 2994
0.0 1972
0 3014
0.0 12128
0.0 10750
0 4435
-2.17999158088 11093
-3.44011614544 10085
-18.1090775567 6388
-20.2502152711 9366
-22.589524729 9638
-24.4491655798 8309
-31.3072626125 3919
-36.7107521521 11289
-37.5125295772 6140
-38.4547841351 5342
-40.0799224011 1586
-78.2227689974 3070
-83.8438614846 5327
-87.598008627 7206
-110.15138428 7255
-119.309363236 5751
-127.139224462 8444
-128.01691223 7764
-138.818911096 4445
-195.828967769 1462
-258.841353922 5167
