564.91863138 0157 0689 6172
502.671473021 10340 1671
265.644866241 4496 8280
192.911166172 10477 7764
171.271498087 2881 5985
125.404706257 2881 7764
122.67523008 0098 8813
70.2949263031 10340 5751
60.1465479349 10340 4382
27.1052547705 9613
19.528950601 7949
14.6587384132 0154
12.2769422743 5342
10.5214958185 4445
4.87826699636 11688
3.43275369868 3163
1.94149713311 4597
0.187497559459 1613
0.0 3751
0 10477
0.0 6383
0 10340
0.0 3211
0 2881
0.0 0181
0 4382
0.0 7328
0.0 0507
0 5985
0 4496
0.0 1690
0 0689 6172
0.0 5597
0 1671
0.0 10708
0.0 3850
0 0157 6172
0 0098
0.0 9880
0.0 8596
0 5751
0 0689
0 8280
0.0 7358
0.0 10447
0 6172
0.0 0939
0.0 10194
0.0 7257
0.0 11393
0.0 0518
0.0 2230
0.0 1071
0.0 11203
0 7764
0 0157
0 0157 0689
0 8813
0.0 11849
0.0 4001
0.0 0451
-0.329216171593 2361
-3.97002862541 8809
-5.11951449181 6136
-10.3850006832 6924
-13.7311400654 11289
-17.0817578868 1586
-18.5826055357 11093
-27.4587893094 1153
-33.8178550761 8444
-38.9255451763 6408
-40.1274948909 6140
-51.4354382017 9638
-65.3679527121 3337
-77.4535914844 2206
-78.0082881278 1423
-97.5179739297 7206
-119.527773081 7255
-120.484727184 0332
-128.082141037 10548
-159.803904196 1462
-169.078339436 2601
-204.427374568 4323
