377.901083575 0371 5167 9537
260.543597947 5242 8444
240.263507152 0194 5502
204.931296039 2601 5167
114.956880086 2601 5653
110.12196206 3919 5167
84.4713399687 1423
77.1478623634 2601 8063
61.976539823 5167 8063
58.6886819771 5167 5653
47.1498711337 5167 8444
19.2778792751 6140
4.28634112813 8943
2.97627314224 6553
2.53944850504 9366
0.0 6590
0.0 1186
0.0 3239
0 0194
0.0 1303
0 9537
0.0 8385
0 8444
0.0 9987
0.0 10239
0 5502
0.0 11221
0.0 2484
0.0 7266
0 5653
0.0 10816
0.0 8494
0.0 7535
0.0 9683
0.0 5928
0.0 9953
0 0371 5167
0 2601
0 5167
0.0 0890
0 3919
0 8063
0 0371
0.0 6712
0.0 8245
0.0 5310
0.0 3417
0.0 9732
0 5167 9537
0.0 4834
0 5242
0 0371 9537
0.0 4979
0.0 6211
0.0 0190
0.0 2356
0.0 3473
-4.02822568181 10946
-11.71900431 0371 2601
-13.944480667 10085
-19.9514215231 2558
-22.2052858516 10326
-23.5019842571 9622
-23.8491540123 1490
-26.0388100677 9638
-27.6741051756 7062
-30.4118693544 5562
-32.681619731 3337
-36.3115191682 2047
-37.9462955852 1586
-41.5597046982 7949
-42.5277814803 11890
-46.2419665457 11289
-64.4698151069 10796
-112.625670563 5751
-120.450988065 4445
-124.752294713 10548
-163.02694671 1671
