419.637335953 0240 0757
389.016183046 3070 7228 7911
370.036082255 1414 7058
278.39650047 0940 7228
275.773467229 0332 8309
212.20179331 0940 10109
182.509958695 4225 7228
162.187127633 7216 7228
70.2559748115 0940 2206
50.5316471844 1462 7255
24.1933811823 0940 4445
20.2976083931 0940 5751
11.9580393424 0940 7255
8.19864858764 1490
3.38217616472 2558
0.0 3323
0 10109
0 4225
0.0 10100
0 8309
0 7058
0.0 3129
0.0 0932
0.0 8968
0.0 3997
0 1462
0.0 9270
0 5751
0 7255
0.0 7448
0 0332
0.0 10457
0 1414
0.0 4209
0 7228
0 0757
0.0 6828
0.0 4113
0.0 1938
0.0 12083
0.0 7421
0.0 3801
0 3070 7911
0 7911
0.0 11223
0.0 9324
0.0 1985
0 2206
0 7228 7911
0.0 7552
0 0240
0.0 4270
0.0 9338
0 3070
0 4445
0.0 1912
0 7216
0.0 11395
0 3070 7228
0.0 3905
0.0 4360
0.0 3867
0.0 11076
0.0 11874
0.0 3916
0 0940
0.0 5837
0.0 8998
0.0 2006
-4.26841371409 6388
-8.83375692067 6924
-10.7116114189 9622
-19.1201445282 3337
-20.6197025114 6136
-22.7750023773 1613
-23.6409352169 1586
-24.8607475825 9638
-25.8430629231 2361
-27.2795235614 8809
-28.8294537262 10326
-30.5106869782 11289
-31.3997408844 11688
-33.6681700964 8943
-35.7971537292 0940 1462
-39.7536539855 5342
-43.9292571135 6140
-48.0484535087 0154
-51.7610473242 9641
-70.1912261781 0098
-72.7671217223 5242
-101.060190731 5327
-144.811647144 8444
-145.743590464 7764
-203.342325085 4323
-220.616535453 5167
