346.389245783 0945 7206
178.708295605 0940 4856
141.253434291 0306 2881
140.732032279 8827 9641
130.563963105 5327
125.612244108 0940 5653
116.288798913 2601 8110
89.9693124301 4856 8827
75.9966989575 10796
62.2968278791 2601 5751
54.3733092389 2601 5653
54.0017085583 5751 8827
51.5708477373 2601 4856
46.2946914193 0940 10548
45.4450848512 0940 7228
32.6308268397 11890
13.7751389223 0940 2601
13.120640754 6408
9.18230533102 2601 8827
7.62312052307 7062
0.0 10004
0.0 10532
0 7206
0.0 5661
0 0940
0 7228
0.0 9496
0.0 5099
0 2881
0 9641
0 10548
0 8827
0.0 10294
0.0 4967
0 0306
0.0 3812
0.0 2467
0 5751
0 2601
0.0 10154
0.0 4490
0 0945
0.0 8393
0.0 0842
0.0 0340
0 4856
0.0 4569
0 5653
0.0 8006
0.0 10963
0.0 1979
0 8110
0.0 4179
0.0 4910
0.0 9359
0.0 1680
0.0 8310
-1.6719882128 3919
-11.2463600883 1153
-11.7786761845 9638
-12.7750800207 10946
-22.3200176708 3163
-22.4139459852 4099
-23.530760818 6553
-39.4103793943 9613
-40.5474485975 4597
-41.2005332837 0689
-45.7257932576 11289
-65.5384219148 5242
-77.5280759969 3070
-116.40943605 8444
-159.175506649 1671
-187.411190095 4323
-292.509103379 5167
