1726 0940
1153 1462
1055 7228
733 0332
677 7255
632 4445
606 4225
584 5751
557 3867
525 2206
502 0757
464 3070
423 10109
396 3337
370 0940 7228
353 8444
344 1938
336 7911
312 0098
305 2006
295 9638
272 11395
266 9622
265 0932
257 9324
253 11289
252 4323
248 3129
238 1586
237 3323
233 0940 10109
227 7216
222 5837
221 4113
209 0240
208 6828
206 8943
203 7764
202 4225 7228
201 7552
193 0240 0757
193 0154
190 8309
188 7421
181 12083
177 5327
176 9270
175 8809
171 5167
170 1490
168 6388
167 11076
166 1912
159 5342
157 2558
156 10457
154 0940 2206
153 0332 8309
149 11688
146 2361
145 6136
143 3997
141 7058
139 4360
138 3916
137 1414
137 5242
136 11223
136 9338
131 7448
130 3905
128 0940 4445
128 6140
128 8968
128 9641
127 4270
127 7216 7228
126 1613
124 1462 7255
121 1414 7058
121 0940 7255
120 3070 7228 7911
118 3801
118 0940 1462
117 10100
116 10326
116 6924
116 0940 5751
114 1985
113 11874
112 8998
111 4209
