465 4445
405 2601 5167
386 5751
377 1423
363 10548
307 3337
274 7266
252 9987
235 8385
229 5928
223 9638
223 8943
214 6140
207 2484
206 1671
201 9622
196 10239
191 1303
172 5242 8444
162 6553
162 4979
157 0371 5167 9537
155 0190
153 6590
151 5167 8063
148 5167 8444
145 8494
144 2601 8063
140 9366
134 8245
133 2356
131 9732
131 7949
129 6712
127 2601 5653
122 7535
122 9953
122 3473
120 5562
120 7062
119 2047
115 3239
115 1186
114 10326
114 6211
113 0890
113 10946
111 9683
111 3919 5167
107 5310
107 0194 5502
106 1586
106 10816
105 11221
104 11289
103 10796
103 10085
103 11890
102 5167 5653
101 0371 2601
96 4834
96 2558
95 3417
94 1490
