776 4445
706 8444
491 4323
464 10340 1671
417 10548
344 2206
290 4597
270 0154
255 11289
248 0507
248 7949
226 1586
226 11849
224 1153
223 3337
223 5342
218 9613
208 6383
194 8809
190 11688
185 3850
181 7328
179 1071
179 10447
177 10194
171 7206
171 2361
171 0451
169 0518
164 2881 7764
162 8596
157 7255
155 6136
153 6408
151 3163
149 1613
148 9638
147 10340 5751
145 4001
141 10340 4382
138 6140
138 1423
138 3211
136 11093
135 1462
134 7257
132 10708
132 0332
129 2601
125 7358
124 10477 7764
121 11393
121 5597
120 0939
120 9880
119 0098 8813
116 11203
116 0181
114 2230
114 0157 0689 6172
108 3751
106 2881 5985
105 4496 8280
105 1690
103 6924
