478 5327
464 5167
335 10796
261 9638
261 4910
245 4323
226 1153
223 11890
216 6408
211 3919
210 4967
208 0940 4856
202 0940 2601
197 4597
195 10154
191 8310
187 1671
185 9496
176 0945 7206
175 7062
171 1979
168 3812
151 0940 5653
142 9359
136 10532
136 0340
134 3070
130 8444
130 1680
129 10294
126 4490
125 2601 5751
124 5099
124 10963
124 5242
122 0940 7228
121 0842
121 8827 9641
120 6553
119 2601 8827
114 5661
113 11289
113 4099
112 4856 8827
112 8006
111 4569
110 8393
108 2601 8110
107 2467
105 10004
105 4179
105 5751 8827
100 0689
99 10946
97 3163
96 0306 2881
96 2601 5653
95 2601 4856
94 0940 10548
93 9613
