0.0555148026121 0157 0689 6172
0.0493977469557 10340 1671
0.0261050379561 4496 8280
0.0189574652292 10477 7764
0.0168309255195 2881 5985
0.0123235756934 2881 7764
0.0120553488679 0098 8813
0.00690791335526 10340 5751
0.00591062774517 10340 4382
0.00266364531943 9613
0.00191911857322 7949
0.0014405206774 0154
0.00120646052224 5342
0.00103395202619 4445
0.000479389445397 11688
0.000337338217244 3163
0.000190791778018 4597
1.84254677141e-05 1613
0.0 3751
0 10477
0.0 6383
0 10340
0.0 3211
0 2881
0.0 0181
0 4382
0.0 7328
0.0 0507
0 5985
0 4496
0.0 1690
0 0689 6172
0.0 5597
0 1671
0.0 10708
0.0 3850
0 0157 6172
0 0098
0.0 9880
0.0 8596
0 5751
0 0689
0 8280
0.0 7358
0.0 10447
0 6172
0.0 0939
0.0 10194
0.0 7257
0.0 11393
0.0 0518
0.0 2230
0.0 1071
0.0 11203
0 7764
0 0157
0 0157 0689
0 8813
0.0 11849
0.0 4001
0.0 0451
-3.23522181204e-05 2361
-0.00039013646083 8809
-0.000503096942985 6136
-0.00102053858915 6924
-0.00134936517938 11289
-0.0016786318678 1586
-0.00182612082701 11093
-0.00269838731421 1153
-0.00332329550669 8444
-0.00382523046151 6408
-0.00394334658912 6140
-0.00505458315661 9638
-0.00642373749136 3337
-0.00761139853424 2206
-0.00766590881759 1423
-0.00958313423051 7206
-0.0117460468829 7255
-0.0118400871839 0332
-0.0125866883881 10548
-0.0157040000193 1462
-0.0166154028534 2601
-0.0200891680983 4323
