0.0341182328547 3014 4323
0.0296780828252 0757 4435
0.00200794469457 2047
0.00174974224144 10548 4323
0.00128200934579 10326
0.00117786412941 5562
0.000241370928609 4099
0.0 3948
0.0 8051
0.0 11097
0 4323
0.0 0490
0.0 2451
0.0 10230
0.0 1870
0.0 9052
0.0 10458
0.0 1769
0.0 11858
0.0 5199
0.0 9106
0.0 1526
0 0757
0.0 8733
0.0 7476
0.0 7200
0.0 3768
0.0 9375
0.0 2405
0.0 8336
0.0 0867
0.0 6175
0 10548
0.0 1045
0.0 1608
0.0 4797
0.0 7561
0.0 2994
0.0 1972
0 3014
0.0 12128
0.0 10750
0 4435
-0.000233104317887 11093
-0.000367848176373 10085
-0.00193638553857 6388
-0.0021653352514 9366
-0.00241547527042 9638
-0.00261432480537 8309
-0.00334765425711 3919
-0.00392544398547 11289
-0.00401117724308 6140
-0.00411193157989 5342
-0.00428570598814 1586
-0.0083642823992 3070
-0.00896534019297 5327
-0.00936676738954 7206
-0.0117783772754 7255
-0.0127576307994 5751
-0.0135948700238 8444
-0.0136887202983 7764
-0.0148437672259 4445
-0.0209397955271 1462
-0.0276776469121 5167
