0.037890504375 0240 0757
0.035125614722 3070 7228 7911
0.0334118358695 1414 7058
0.0251373815323 0940 7228
0.0249005388017 0332 8309
0.0191604328045 0940 10109
0.0164794545097 4225 7228
0.0146444359036 7216 7228
0.00634365461052 0940 2206
0.00456267694667 1462 7255
0.00218450394423 0940 4445
0.00183274116416 0940 5751
0.001079732672 0940 7255
0.000740284296852 1490
0.000305388367018 2558
0.0 3323
0 10109
0 4225
0.0 10100
0 8309
0 7058
0.0 3129
0.0 0932
0.0 8968
0.0 3997
0 1462
0.0 9270
0 5751
0 7255
0.0 7448
0 0332
0.0 10457
0 1414
0.0 4209
0 7228
0 0757
0.0 6828
0.0 4113
0.0 1938
0.0 12083
0.0 7421
0.0 3801
0 3070 7911
0 7911
0.0 11223
0.0 9324
0.0 1985
0 2206
0 7228 7911
0.0 7552
0 0240
0.0 4270
0.0 9338
0 3070
0 4445
0.0 1912
0 7216
0.0 11395
0 3070 7228
0.0 3905
0.0 4360
0.0 3867
0.0 11076
0.0 11874
0.0 3916
0 0940
0.0 5837
0.0 8998
0.0 2006
-0.000385409816171 6388
-0.000797630421731 6924
-0.000967188389973 9622
-0.00172642388516 3337
-0.00186182415453 6136
-0.00205643362323 1613
-0.00213462169002 1586
-0.0022447627614 9638
-0.00233345940615 2361
-0.00246316239832 8809
-0.00260311094593 10326
-0.00275491530277 11289
-0.00283519105051 11688
-0.00304001535859 8943
-0.00323224864372 0940 1462
-0.00358949471653 5342
-0.00396652434434 6140
-0.00433846081343 0154
-0.00467368373131 9641
-0.00633780823279 0098
-0.0065703947379 5242
-0.00912507365515 5327
-0.0130755437602 8444
-0.0131596921412 7764
-0.0183604808203 4323
-0.0199202289348 5167
