0.0373224055364 0945 7206
0.0192552845173 0940 4856
0.0152196351999 0306 2881
0.0151634556922 8827 9641
0.014067876641 5327
0.0135343437246 0940 5653
0.0125297703818 2601 8110
0.00969392440794 4856 8827
0.0081884170841 10796
0.00671229693773 2601 5751
0.00585856149541 2601 5653
0.00581852263315 5751 8827
0.00555660464792 2601 4856
0.00498811458025 0940 10548
0.00489657201284 0940 7228
0.00351587402647 11890
0.0014842300315 0940 2601
0.00141370981079 6408
0.000989365944512 2601 8827
0.000821368443386 7062
0.0 10004
0.0 10532
0 7206
0.0 5661
0 0940
0 7228
0.0 9496
0.0 5099
0 2881
0 9641
0 10548
0 8827
0.0 10294
0.0 4967
0 0306
0.0 3812
0.0 2467
0 5751
0 2601
0.0 10154
0.0 4490
0 0945
0.0 8393
0.0 0842
0.0 0340
0 4856
0.0 4569
0 5653
0.0 8006
0.0 10963
0.0 1979
0 8110
0.0 4179
0.0 4910
0.0 9359
0.0 1680
0.0 8310
-0.000180151730718 3919
-0.00121176167313 1153
-0.00126911714088 9638
-0.001376476675 10946
-0.00240491516764 3163
-0.00241503566266 4099
-0.00253536912165 6553
-0.00424635054351 9613
-0.00436886635034 4597
-0.00443923427257 0689
-0.00492681750432 11289
-0.00706156900278 5242
-0.00835341838131 3070
-0.0125427686725 8444
-0.0171506849099 1671
-0.0201929953771 4323
-0.0315169812928 5167
