0.0406039629929 0371 5167 9537
0.0279943696086 5242 8444
0.025815354803 0194 5502
0.0220190497517 2601 5167
0.0123516579011 2601 5653
0.0118321652584 3919 5167
0.00907610830222 1423
0.00828922986605 2601 8063
0.00665913181723 5167 8063
0.00630586461557 5167 5653
0.00506606544899 5167 8444
0.00207133117815 6140
0.000460550244777 8943
0.000319788668985 6553
0.000272853605355 9366
0.0 6590
0.0 1186
0.0 3239
0 0194
0.0 1303
0 9537
0.0 8385
0 8444
0.0 9987
0.0 10239
0 5502
0.0 11221
0.0 2484
0.0 7266
0 5653
0.0 10816
0.0 8494
0.0 7535
0.0 9683
0.0 5928
0.0 9953
0 0371 5167
0 2601
0 5167
0.0 0890
0 3919
0 8063
0 0371
0.0 6712
0.0 8245
0.0 5310
0.0 3417
0.0 9732
0 5167 9537
0.0 4834
0 5242
0 0371 9537
0.0 4979
0.0 6211
0.0 0190
0.0 2356
0.0 3473
-0.000432816770368 10946
-0.00125916023531 0371 2601
-0.00149827878661 10085
-0.00214370060418 2558
-0.00238586932971 10326
-0.00252519439745 9622
-0.00256249640188 1490
-0.00279776620476 9638
-0.00297347213662 7062
-0.00326763396953 5562
-0.00351150958751 3337
-0.00390152779287 2047
-0.00407717799347 1586
-0.0044654243793 7949
-0.00456944036535 11890
-0.00496851472501 11289
-0.00692702429428 10796
-0.0121011787432 5751
-0.0129419778731 4445
-0.0134041361032 10548
-0.0175165946824 1671
