0.453652303458 5167
0.448123819463 1423
0.491472191972 5242
0.0 9537
0.0384425213286 8943
0.180167096029 6140
0.0 8385
0.0 5502
0.0 9987
0.0367441128672 6553
0.0 0371
0.0 7266
0.0 8063
0.0 1303
0.0 6590
0.0 5242 8444
0.0 10239
0.0362778357862 9366
0.0 2484
0.0 5928
0.0 0371 5167
0.0 2601 8063
0.0 2601 5167
0.0242302492332 2601 5653
0.0 0194
-0.0879401337348 2601
-0.250634109048 8444
0.0 0371 9537
0.0 3239
0.0 8494
0.0 1186
0.0 0371 5167 9537
-0.212909574795 3337
-0.176378577976 5653
-0.51806876587 4445
0.0 5167 9537
0.0 7535
-0.58355269722 5751
0.0 0194 5502
0.0 5167 8063
-0.233531928858 9638
0.0 8245
0.0 4979
0.0 9953
-0.687340466738 10548
0.0 6712
-0.233850589623 9622
0.0 0190
0.0 9732
0.0 5167 8444
0.0 11221
0.0 9683
0.0 10816
0.0 5167 5653
-0.323130850768 3919
0.0 0890
0.0 2356
-1.58278589038 1671
0.0 0371 2601
0.0 5310
0.0 3473
0.0 6211
0.0 3919 5167
-0.0712960297666 10946
0.0 3417
-0.634499308369 7949
-0.461235086259 7062
-0.50686448924 5562
0.0 4834
-0.389566418449 10326
-0.610277633079 2047
-0.270766614893 10085
-0.715967841231 1586
-0.415654615065 2558
-0.889268587417 11289
-0.825782164666 11890
-0.507428808773 1490
-1.25184107004 10796
