0.546292732656 5327
0.444769516922 7206
0.453711635567 10796
0.400384479809 9641
0.0 8827
0.292653155513 11890
0.121487414389 6408
0.0 0306
0.0 0940 2601
0.0871213774065 7062
0.0 4856
0.0 0940 4856
0.0 4967
0.0 0945
0.0 0940 5653
0.0 9496
0.0 10532
-0.0779102758127 0940
0.0 10154
-0.239316358036 2601
0.0 4910
0.0 3812
-0.312646654588 5751
0.0 5099
0.0 2601 5751
0.0 10294
-0.146807538427 5653
-0.0902580550539 9638
0.0 8110
0.0 0945 7206
0.0 5661
-0.604115112961 2881
0.0 0340
-0.0995253105163 1153
0.0 4490
-0.0158482295052 3919
0.0 10004
0.0 1979
-1.26081510077 5167
0.0 8310
-0.933697353071 10548
0.0 0842
0.0 9359
0.0 0306 2881
0.0 2601 4856
0.0 10963
-1.52988726608 4323
-0.41164922434 4597
0.0 2467
0.0 1680
0.0 8827 9641
0.0 8393
0.0 4856 8827
-1.55608379174 7228
0.0 2601 8110
0.0 4569
0.0 0940 10548
0.0 8006
0.0 2601 8827
-1.70241183582 1671
0.0 4179
-1.15713546264 3070
-0.392179346967 6553
0.0 5751 8827
-0.396707008587 4099
-1.79091440077 8444
-1.01100014668 0940 7228
-1.05707132121 5242
-0.809306075356 11289
-0.25808242466 10946
-0.375455989376 2601 5653
-0.460206549914 3163
-0.824010665675 0689
-0.847535040737 9613
