0.484574168419 1671
0.53265541663 7764
0.130871863857 2881
0.0271172572642 4445
0.0 10340
0.0732906738144 0098
0.00385164758626 5751
0.157491537105 7949
0.108583247505 0154
0.23851852183 0689
0.0 4382
0.0133896354007 4597
0.248672062114 9613
0.110107105599 5342
0.051350178909 11688
0.0 0507
0.0 10477
0.0 6383
0.0 7328
0.0454669364064 3163
0.00251674576455 1613
0.0 8813
0.0 4496
0.0 6172
0.0 3850
-0.0958012891674 8444
0.0 10340 1671
0.0 2881 7764
0.0 0157
0.0 10340 5751
0.0 8280
0.0 3211
0.0 5985
0.0 10447
0.0 11849
-0.107695216199 11289
0.0 10194
-0.450311578398 2206
0.0 0689 6172
0.0 8596
-0.832698063415 4323
-0.614302834711 10548
0.0 10340 4382
0.0 1071
-0.151165998998 1586
0.0 0518
-0.245167761691 1153
-0.0409281301589 8809
0.0 0181
0.0 3751
0.0 10708
-0.58625966558 3337
0.0 0451
-0.0038504815391 2361
0.0 5597
0.0 0157 6172
0.0 7358
0.0 7257
0.0 4496 8280
0.0 1690
0.0 9880
-0.0660582515072 6136
0.0 0098 8813
0.0 2881 5985
0.0 4001
0.0 0939
0.0 11393
0.0 10477 7764
-1.14056109859 7206
-0.5088306559 6408
-1.52264679084 7255
-0.695073489212 9638
0.0 11203
0.0 2230
-0.273273610819 11093
-0.58155789697 6140
0.0 0157 0689 6172
0.0 0157 0689
-1.1305549004 1423
-2.36746524735 1462
-1.82552616945 0332
-2.62136960366 2601
-0.201650498704 6924
