1.7300159875 8827
1.7300159875 4856
1.7300159875 0945
1.7300159875 0940 2601
1.7300159875 4910
1.7300159875 9496
1.7300159875 10154
1.7300159875 8110
1.7300159875 5099
1.0801360101 5327
1.7300159875 0940 4856
0.651328690587 0940
1.34324621324 10796
1.0362312171 7206
1.7300159875 10963
1.7300159875 4967
1.7300159875 1979
1.7300159875 0842
1.7300159875 0306
0.572248394758 2601
1.7300159875 8827 9641
1.7300159875 2601 5751
1.7300159875 2601 8827
1.7300159875 9359
1.12962344621 9641
0.742727039249 5653
1.7300159875 0940 5653
1.7300159875 10532
1.7300159875 5661
1.18218773319 11890
1.7300159875 3812
0.231823956253 2881
1.7300159875 0945 7206
1.7300159875 8310
0.736413758698 1153
-0.520349601548 5751
1.7300159875 10004
0.957426483602 6408
1.7300159875 10294
1.7300159875 0340
-0.664668449823 5167
1.7300159875 8393
1.7300159875 4569
1.7300159875 2601 8110
-0.431902574811 9638
1.7300159875 4490
0.976655955082 7062
1.7300159875 1680
0.374299579156 3919
-0.893376099716 10548
1.7300159875 4179
0.424289844873 4597
1.7300159875 5751 8827
-1.30488962745 4323
-0.826844825342 7228
1.7300159875 4856 8827
1.7300159875 2467
1.7300159875 0306 2881
1.7300159875 8006
-1.10787330271 1671
1.7300159875 0940 10548
0.497355230709 6553
-0.675570036435 3070
1.7300159875 2601 4856
0.494912514413 4099
-0.281761180277 0940 7228
-0.542199894903 5242
-2.1937914402 8444
0.631452153016 10946
0.5140785883 2601 5653
0.3757325193 3163
0.0119284035388 0689
-1.24259534439 11289
-0.0115959715232 9613
