1.72598004006 9537
1.72598004006 0371
1.72598004006 8063
1.72598004006 5502
1.72598004006 9987
1.72598004006 0371 5167
1.72598004006 10239
1.72598004006 0371 9537
1.72598004006 7266
1.72598004006 2601 5167
1.0497989544 5167
1.72598004006 2484
1.72598004006 5928
1.72598004006 1303
1.27597213126 1423
1.72598004006 5242 8444
0.723624619059 2601
1.72598004006 3239
1.72598004006 1186
1.72598004006 0190
1.72598004006 8245
1.72598004006 6590
1.72598004006 5167 8444
1.72598004006 8385
1.72598004006 6712
0.900447283551 5242
1.72598004006 0194 5502
1.72598004006 5167 9537
1.72598004006 0194
1.72598004006 0371 5167 9537
1.72598004006 8494
0.7131559997 5653
1.72598004006 9683
1.72598004006 4979
-0.0402861106513 8444
1.72598004006 5167 8063
1.72598004006 10816
1.72598004006 11221
0.782046102478 8943
-0.438764722279 4445
0.133206502167 3337
1.72598004006 7535
1.72598004006 9732
1.72598004006 3919 5167
0.926278690543 6553
1.72598004006 5310
-0.543333428667 10548
1.72598004006 9953
1.72598004006 2601 8063
1.72598004006 0371 2601
-0.979052423836 5751
1.72598004006 2356
0.509752991527 9622
0.224273042986 6140
0.918625118 9366
1.72598004006 4834
1.72598004006 3473
-0.662944618902 9638
0.0670169578924 3919
1.72598004006 6211
0.913764826909 2601 5653
1.72598004006 5167 5653
-0.972303182853 1671
1.72598004006 0890
0.193349003424 7949
0.428299491417 7062
0.375482792973 5562
0.818238547909 10946
0.272069649134 2047
1.72598004006 3417
-0.0260924464991 10326
0.61158066732 10085
0.327948966084 2558
0.0637524130095 11890
-0.362306492361 10796
-0.923310035768 1586
0.236174772377 1490
-1.3663705361 11289
