1.47506145364 3323
1.47506145364 3867
1.47506145364 4225
1.47506145364 0940 10109
1.47506145364 10109
1.47506145364 9324
1.47506145364 11395
1.47506145364 2006
1.47506145364 3070 7911
1.47506145364 4225 7228
1.47506145364 7216
1.47506145364 1938
1.47506145364 0932
1.47506145364 7911
1.47506145364 3129
1.47506145364 12083
1.23617451925 0332
1.20634042223 7228
1.02052940822 1462
1.47506145364 10457
0.953260973606 7255
1.47506145364 7058
1.47506145364 3997
1.47506145364 4113
0.549678063716 0940
1.47506145364 6828
0.861367234372 3070
1.06392840881 0940 7228
0.748022699376 2206
1.47506145364 1414
0.706824397814 0757
1.47506145364 0240
1.47506145364 3070 7228
1.47506145364 9270
1.47506145364 5837
1.47506145364 0940 2206
1.47506145364 1414 7058
1.47506145364 10100
-0.246989466518 4445
1.47506145364 0940 7255
1.47506145364 3916
0.663065149428 9622
0.249549690456 3337
1.47506145364 1462 7255
1.47506145364 7552
1.47506145364 7421
1.47506145364 3905
-0.632603488644 5751
1.47506145364 0240 0757
0.260617785416 0098
1.47506145364 3070 7228 7911
1.47506145364 1912
1.47506145364 3801
1.47506145364 11076
1.47506145364 0940 4445
1.47506145364 4209
1.47506145364 0940 1462
1.47506145364 7228 7911
1.47506145364 0332 8309
1.47506145364 7448
-0.510191960994 9638
0.773454034063 8309
1.47506145364 8968
-1.00758941382 8444
-0.007331313444 1586
0.41672814332 8943
1.47506145364 11223
-0.33473526597 11289
0.840058270416 1490
1.47506145364 4360
1.47506145364 9338
1.47506145364 8998
0.70247194974 6388
-1.51920217681 4323
0.786688627834 2558
0.398795559409 8809
0.212650107644 0154
-0.975946590416 7764
1.47506145364 1985
1.47506145364 4270
1.47506145364 0940 5751
-0.608079781664 5327
1.47506145364 7216 7228
0.426151853156 6136
0.356546982377 2361
0.289088510962 11688
-0.139833553161 5342
1.47506145364 11874
-2.35975146393 5167
0.349053568725 1613
-0.653318656192 5242
0.558255389163 6924
-0.079527398041 9641
-0.768112529836 6140
-0.251920051957 10326
