1.59719757668 0507
1.59719757668 10340
1.59719757668 4382
1.59719757668 10477
1.59719757668 8813
1.59719757668 7328
1.59719757668 0157
1.59719757668 11849
1.09505687595 1671
1.59719757668 10447
1.59719757668 2881 7764
1.59719757668 1071
0.992606269212 7764
0.966810933071 2881
1.59719757668 8596
1.59719757668 10340 1671
1.59719757668 0518
1.59719757668 3211
1.59719757668 6172
1.59719757668 0451
1.59719757668 3850
0.849328704615 4597
1.59719757668 4496
0.783852216782 0098
0.985339848898 7949
1.07445759104 0689
1.59719757668 8280
0.819144790473 0154
0.171278750537 4445
1.59719757668 6383
1.08461113133 9613
0.11454670923 8444
1.59719757668 10194
1.59719757668 7257
1.59719757668 7358
1.59719757668 5597
1.59719757668 10340 5751
0.26024996457 2206
-0.265663696842 5751
1.59719757668 5985
1.59719757668 9880
-0.434766762954 4323
1.59719757668 0939
1.59719757668 0689 6172
1.59719757668 11393
1.59719757668 10477 7764
1.59719757668 4496 8280
1.59719757668 1690
0.590771307523 1153
-0.20123928076 11289
1.59719757668 10340 4382
-0.472038056593 10548
1.59719757668 2881 5985
0.761911721877 11688
0.669633412809 8809
0.47031951452 5342
0.0401660087086 1586
1.59719757668 10708
1.59719757668 4001
0.706711061428 2361
-0.456770906658 3337
1.59719757668 0181
0.88140600562 3163
1.59719757668 0157 6172
1.59719757668 3751
0.713078288732 1613
0.64450329146 6136
1.59719757668 0098 8813
0.327108413314 6408
1.59719757668 11203
-0.549099398418 7206
1.59719757668 2230
1.59719757668 0157 0689 6172
1.59719757668 0157 0689
0.534913298428 11093
-1.03299417803 7255
-0.30270658861 1423
-1.38317361657 9638
-0.537451950013 6140
-1.95169566933 1462
-1.11496462648 0332
0.508911044264 6924
-2.65131843159 2601
