1.71902131743 0490
1.71902131743 1526
1.71902131743 10230
1.71902131743 1045
1.71902131743 10750
1.71902131743 11858
1.71902131743 8336
1.71902131743 2994
1.71902131743 1769
1.71902131743 5199
1.71902131743 1972
1.71902131743 4435
1.71902131743 3014 4323
1.71902131743 2451
1.71902131743 12128
0.741831200343 4323
1.71902131743 3948
1.71902131743 9052
1.71902131743 3014
1.71902131743 4797
1.71902131743 9375
0.367946876888 10548
1.71902131743 11097
0.442765080933 0757
1.71902131743 3768
1.0637801207 2047
1.71902131743 8051
1.71902131743 0757 4435
1.00079228585 5562
1.71902131743 7476
-0.71686296675 1462
1.71902131743 8733
-0.557913905215 9638
-1.2297400295 5751
1.71902131743 1608
1.71902131743 6175
-1.41470304229 5167
1.71902131743 9106
0.921126724626 4099
0.778727563559 11093
1.71902131743 7200
0.400845357408 10326
-1.57888989633 4445
1.71902131743 10458
-0.054013531439 3919
-0.92971709372 7764
-1.55472858132 8444
-0.733918973982 11289
0.825012013123 10085
1.71902131743 1870
0.448932154067 6388
1.71902131743 2405
1.71902131743 0867
0.342376052838 8309
1.71902131743 7561
-0.546872742538 6140
1.71902131743 10548 4323
0.496628896098 9366
-1.09726672939 7255
-0.962485123189 7206
-0.494511126982 5342
-0.9452989749 3070
-1.08833360462 1586
-1.26186985962 5327
