1020 4323
686 10548
453 0490
438 1526
422 8336
353 0757
326 5751
292 1462
292 1045
278 11858
278 5167
254 10230
241 9638
237 10750
224 3014
212 4445
207 3014 4323
207 2047
204 8444
202 2994
194 2451
191 9375
186 5562
184 4435
182 3768
177 7764
174 3948
173 12128
162 11289
161 1769
158 5199
158 3919
155 1972
154 10326
154 4797
153 4099
148 11093
147 8051
143 1608
138 7255
135 9052
131 0757 4435
130 6175
126 6140
120 10085
119 6388
119 8309
118 7206
117 11097
114 7476
112 9106
112 3070
111 8733
109 1870
107 7200
105 9366
105 5342
104 0867
97 2405
96 10458
95 10548 4323
95 1586
95 5327
94 7561
